arbresimple.binary	31.035714285714285	24.964285714285715	56	695
arbresimple.multistate	35.50555555555555	20.494444444444444	56	322
arbreedit.multistate	42.83333333333333	13.166666666666668	56	508
arbrepcd.multistate	45.7	10.3	56	532
shuxingtusimple.binary	29.035714285714285	26.964285714285715	56	726
shuxingtusimple.multistate	28.30952380952381	27.690476190476193	56	336
shuxingtuedit.multistate	37.5	18.5	56	524
shuxingtupcd.multistate	46.0	10.0	56	546
southern_chinesesimple.binary	28.952380952380953	27.047619047619047	56	719
southern_chinesesimple.multistate	26.395833333333336	29.604166666666664	56	328
southern_chineseedit.multistate	34.5	21.5	56	518
southern_chinesepcd.multistate	44.5	11.5	56	546
